32 0.420705 0.494289 0.134433 0.786002
32 0.499205 0.513685 0.134023 0.820544
38 0.0910094 0.50386 0.133225 0.777332
40 0.905269 0.508092 0.148396 0.821466
21 0.698477 0.51216 0.135882 0.819407
32 0.420705 0.494289 0.134433 0.786002
32 0.499205 0.513685 0.134023 0.820544
38 0.0910094 0.50386 0.133225 0.777332
40 0.905269 0.508092 0.148396 0.821466
21 0.698477 0.51216 0.135882 0.819407
32 0.420705 0.494289 0.134433 0.786002
32 0.499205 0.513685 0.134023 0.820544
38 0.0910094 0.50386 0.133225 0.777332
40 0.905269 0.508092 0.148396 0.821466
21 0.698477 0.51216 0.135882 0.819407
32 0.420705 0.494289 0.134433 0.786002
32 0.499205 0.513685 0.134023 0.820544
38 0.0910094 0.50386 0.133225 0.777332
40 0.905269 0.508092 0.148396 0.821466
21 0.698477 0.51216 0.135882 0.819407
