57 0.614721 0.51459 0.17025 0.83347
21 0.91011 0.517873 0.136711 0.8243
15 0.0826322 0.324997 0.131442 0.649993
57 0.398992 0.491318 0.199023 0.905996
46 0.289044 0.326778 0.138739 0.653556
57 0.614721 0.51459 0.17025 0.83347
21 0.91011 0.517873 0.136711 0.8243
15 0.0826322 0.324997 0.131442 0.649993
57 0.398992 0.491318 0.199023 0.905996
46 0.289044 0.326778 0.138739 0.653556
57 0.614721 0.51459 0.17025 0.83347
21 0.91011 0.517873 0.136711 0.8243
15 0.0826322 0.324997 0.131442 0.649993
57 0.398992 0.491318 0.199023 0.905996
46 0.289044 0.326778 0.138739 0.653556
57 0.614721 0.51459 0.17025 0.83347
21 0.91011 0.517873 0.136711 0.8243
15 0.0826322 0.324997 0.131442 0.649993
57 0.398992 0.491318 0.199023 0.905996
46 0.289044 0.326778 0.138739 0.653556
57 0.614721 0.51459 0.17025 0.83347
21 0.91011 0.517873 0.136711 0.8243
15 0.0826322 0.324997 0.131442 0.649993
57 0.398992 0.491318 0.199023 0.905996
46 0.289044 0.326778 0.138739 0.653556
57 0.614721 0.51459 0.17025 0.83347
21 0.91011 0.517873 0.136711 0.8243
15 0.0826322 0.324997 0.131442 0.649993
57 0.398992 0.491318 0.199023 0.905996
46 0.289044 0.326778 0.138739 0.653556
57 0.614721 0.51459 0.17025 0.83347
21 0.91011 0.517873 0.136711 0.8243
15 0.0826322 0.324997 0.131442 0.649993
57 0.398992 0.491318 0.199023 0.905996
46 0.289044 0.326778 0.138739 0.653556
57 0.614721 0.51459 0.17025 0.83347
21 0.91011 0.517873 0.136711 0.8243
15 0.0826322 0.324997 0.131442 0.649993
57 0.398992 0.491318 0.199023 0.905996
46 0.289044 0.326778 0.138739 0.653556
57 0.614721 0.51459 0.17025 0.83347
21 0.91011 0.517873 0.136711 0.8243
15 0.0826322 0.324997 0.131442 0.649993
57 0.398992 0.491318 0.199023 0.905996
46 0.289044 0.326778 0.138739 0.653556
57 0.614721 0.51459 0.17025 0.83347
21 0.91011 0.517873 0.136711 0.8243
15 0.0826322 0.324997 0.131442 0.649993
57 0.398992 0.491318 0.199023 0.905996
46 0.289044 0.326778 0.138739 0.653556
57 0.614721 0.51459 0.17025 0.83347
21 0.91011 0.517873 0.136711 0.8243
15 0.0826322 0.324997 0.131442 0.649993
57 0.398992 0.491318 0.199023 0.905996
46 0.289044 0.326778 0.138739 0.653556
57 0.614721 0.51459 0.17025 0.83347
21 0.91011 0.517873 0.136711 0.8243
15 0.0826322 0.324997 0.131442 0.649993
57 0.398992 0.491318 0.199023 0.905996
46 0.289044 0.326778 0.138739 0.653556
57 0.614721 0.51459 0.17025 0.83347
21 0.91011 0.517873 0.136711 0.8243
15 0.0826322 0.324997 0.131442 0.649993
57 0.398992 0.491318 0.199023 0.905996
46 0.289044 0.326778 0.138739 0.653556
57 0.614721 0.51459 0.17025 0.83347
21 0.91011 0.517873 0.136711 0.8243
15 0.0826322 0.324997 0.131442 0.649993
57 0.398992 0.491318 0.199023 0.905996
46 0.289044 0.326778 0.138739 0.653556
57 0.614721 0.51459 0.17025 0.83347
21 0.91011 0.517873 0.136711 0.8243
15 0.0826322 0.324997 0.131442 0.649993
57 0.398992 0.491318 0.199023 0.905996
46 0.289044 0.326778 0.138739 0.653556
57 0.614721 0.51459 0.17025 0.83347
21 0.91011 0.517873 0.136711 0.8243
15 0.0826322 0.324997 0.131442 0.649993
57 0.398992 0.491318 0.199023 0.905996
46 0.289044 0.326778 0.138739 0.653556
57 0.614721 0.51459 0.17025 0.83347
21 0.91011 0.517873 0.136711 0.8243
15 0.0826322 0.324997 0.131442 0.649993
57 0.398992 0.491318 0.199023 0.905996
46 0.289044 0.326778 0.138739 0.653556
